0 0.9920380812499999 0.6533203125 0.5356418640625 0.3300781234375 0.99790813125 0.7470703125 0.9920380812499999 0.6533203125
0 0 0.7998046875 0.0088050703125 0.8994140625 0.29056736562499996 0.5419921890625 0.283229809375 0.5234374984375 0.237736934375 0.5478515640625 0 0.7998046875
0 0 0.9990234359375 0.05283043125 0.9990234359375 0.31991760625 0.5693359375 0.309645021875 0.537109375 0.0058700484375 0.9130859375 0 0.9990234359375
0 0.47400636093750004 0.5585937484375 0.4314485140625 0.9990234359375 0.49308401562500004 0.9990234359375 0.47400636093750004 0.5585937484375
0 0.41677339375000005 0.9990234359375 0.45052616875 0.5605468765625 0.4314485140625 0.5634765640625 0.35220286875 0.9990234359375 0.41677339375000005 0.9990234359375
0 0.6398352125 0.9951171890625 0.6985356890625 0.9990234359375 0.58700478125 0.6064453125 0.5561870328125 0.5644531234375 0.5488494703125 0.6162109375 0.6398352125 0.9951171890625
0 0.7689762625000001 0.9990234359375 0.6398352125 0.6689453125 0.603147415625 0.6230468765625 0.7249509078124999 0.9990234359375 0.7689762625000001 0.9990234359375
0 0.7997940156250001 1 0.8335467875000001 0.9990234359375 0.6867955953125 0.6923828109375 0.6559778421875 0.666015625 0.7895214312500001 0.9833984359375 0.7997940156250001 1
0 0.909857409375 0.9990234359375 0.7308209515625 0.6845703125 0.6530428203125 0.59375 0.8540919562499999 0.9951171890625 0.909857409375 0.9990234359375
0 0.5840697593749999 0.9990234359375 0.5209667437500001 0.640625 0.5488494703125 0.9853515640625 0.5532520046875 1 0.5840697593749999 0.9990234359375
0 0.5077591359375 0.9990234359375 0.5371093765625 0.9990234359375 0.525369278125 0.6455078109375 0.5062916234375 0.6542968765625 0.5033566015625001 0.6445312515625 0.5077591359375 0.9990234359375
0 0.3345927265625 0.9990234359375 0.4211759296875 0.5605468765625 0.3052424859375 0.9638671890625 0.3023074640625 0.9990234359375 0.3345927265625 0.9990234359375
0 0.21572425625 1 0.267087175 0.9990234359375 0.3698130109375 0.6669921890625 0.374215546875 0.583984375 0.21425674374999998 0.9892578109375 0.21572425625 1
0 0.368345503125 0.578125 0.3404627765625 0.6083984359375 0.3463328203125 0.6376953125 0.368345503125 0.578125
0 0.3316577 0.6142578109375 0.341930284375 0.556640625 0.29350239375 0.6318359375 0.3316577 0.6142578109375
0 0.173166409375 0.9990234359375 0.205451671875 0.9990234359375 0.341930284375 0.640625 0.3169825796875 0.6611328109375 0.199581628125 0.9228515640625 0.173166409375 0.9990234359375
0 0.2171917703125 0.7646484359375 0.2465420109375 0.7685546875 0.3345927265625 0.6220703125 0.341930284375 0.5546874984375 0.2171917703125 0.7412109375 0.2171917703125 0.7646484359375
0 0.0675055515625 0.9970703125 0.14968621875000002 0.9990234359375 0.22306181406249997 0.8310546875 0.2098542078125 0.8046874984375 0.173166409375 0.8193359375 0.0675055515625 0.9970703125
0 0.6060824375 0.478515625 0.32578765625 0.4833984359375 0.35367038281249996 0.5039062515625 0.677990525 0.5068359375 0.677990525 0.4833984359375 0.62662760625 0.4804687484375 0.6178225296875001 0.4648437484375 0.6060824375 0.478515625
0 0.3478003328125 0.4355468765625 0.29350239375 0.4560546875 0.3639429625 0.4638671890625 0.63249765 0.4609374984375 0.6398352125 0.4462890625 0.62662760625 0.4355468765625 0.3478003328125 0.4355468765625
0 0.5385768859375 0.3769531234375 0.4094358359375 0.3730468765625 0.3463328203125 0.4365234359375 0.29350239375 0.4560546875 0.3052424859375 0.4638671890625 0.6236925796875 0.4609374984375 0.6369001859375001 0.4443359375 0.59287483125 0.4306640625 0.5385768859375 0.3769531234375
0 0.8540919562499999 0.7080078109375 0.8746371249999999 0.6865234359375 0.7058732515624999 0.5273437484375 0.7044057375 0.5498046875 0.8540919562499999 0.7080078109375
0 0.8511569343750001 0.7412109375 0.8746371249999999 0.7470703125 0.9450777 0.7333984359375 0.876104634375 0.6992187484375 0.8452868859375 0.7138671890625 0.8511569343750001 0.7412109375