0 0.7666015625 0.3125 0.767578125 0.328125 0.83984375 0.5295138890625 0.85546875 0.581597221875 0.8671875 0.5954861109375 0.8671875 0.581597221875 0.81640625 0.4322916671875 0.775390625 0.32465277812500004 0.7666015625 0.3125
0 0.8779296875 0.597222221875 0.876953125 0.6232638890625 0.90625 0.7274305562500001 0.908203125 0.7447916671875 0.93359375 0.8420138890625 0.962890625 0.9913194437499999 0.9677734375 1 0.9765625 0.9982638890625 0.96875 0.949652778125 0.9375 0.8072916671874999 0.88671875 0.612847221875 0.8779296875 0.597222221875
0 0.912109375 0.8802083328125001 0.88671875 0.762152778125 0.83984375 0.5850694437499999 0.8310546875 0.5694444437499999 0.828125 0.5850694437499999 0.8828125 0.796875 0.921875 0.9913194437499999 0.9267578125 1 0.935546875 0.9982638890625 0.9375 0.9947916671874999 0.9296875 0.9635416671874999 0.92578125 0.9288194437499999 0.912109375 0.8802083328125001
0 0.671875 0.6579861109375 0.669921875 0.612847221875 0.65234375 0.48784722187499996 0.654296875 0.4704861109375 0.6484375 0.453125 0.640625 0.3802083328125 0.625 0.30034722187499996 0.625 0.2864583328125 0.603515625 0.16840277812499999 0.603515625 0.15451388906250002 0.583984375 0.0607638890625 0.5751953125 0.03819444375 0.578125 0.06770833281250001 0.595703125 0.14756944375 0.61328125 0.2760416671875 0.619140625 0.30034722187499996 0.630859375 0.38715277812500004 0.626953125 0.39409722187499996 0.626953125 0.4045138890625 0.634765625 0.41840277812500004 0.640625 0.453125 0.64453125 0.5225694437499999 0.650390625 0.5399305562500001 0.658203125 0.637152778125 0.671875 0.7482638890625 0.673828125 0.796875 0.6787109375 0.8055555562500001 0.68359375 0.8038194437499999 0.6875 0.7899305562500001 0.681640625 0.7517361109375 0.67578125 0.671875 0.671875 0.6579861109375
0 0.76171875 0.3072916671875 0.71484375 0.18923611093749998 0.7080078125 0.18402777812499999 0.75390625 0.3072916671875 0.76171875 0.3072916671875
0 0.6953125 0.17534722187500001 0.69921875 0.17534722187500001 0.69140625 0.14756944375 0.6806640625 0.12847222187500001 0.681640625 0.140625 0.6953125 0.17534722187500001
0 0.6875 0.18923611093749998 0.69921875 0.21006944375 0.6953125 0.18576388906250002 0.6875 0.16493055625 0.6826171875 0.16319444375 0.6875 0.18923611093749998
0 0.720703125 0.24131944375 0.7119140625 0.22916666718749998 0.7109375 0.24131944375 0.736328125 0.33159722187499996 0.744140625 0.3420138890625 0.748046875 0.32465277812500004 0.740234375 0.3142361109375 0.734375 0.296875 0.720703125 0.24131944375
0 0.7080078125 0.18402777812499999 0.705078125 0.18923611093749998 0.712890625 0.19965277812499999 0.751953125 0.30381944375000003 0.7587890625 0.3125 0.76171875 0.3107638890625 0.76171875 0.30381944375000003 0.72265625 0.206597221875 0.7119140625 0.18402777812499999 0.7080078125 0.18402777812499999
0 0.7578125 0.3454861109375 0.7509765625 0.34027777812500004 0.75 0.3489583328125 0.79296875 0.4982638890625 0.802734375 0.543402778125 0.8115234375 0.5694444437499999 0.818359375 0.5677083328125 0.818359375 0.5538194437499999 0.8125 0.5295138890625 0.775390625 0.4010416671875 0.7578125 0.3454861109375
0 0.67578125 0.1614583328125 0.67578125 0.1510416671875 0.6630859375 0.11805555625 0.6640625 0.13715277812499999 0.67578125 0.1614583328125
0 0.6455078125 0.059027778125 0.642578125 0.06770833281250001 0.6484375 0.081597221875 0.654296875 0.112847221875 0.66015625 0.11631944375 0.66015625 0.109375 0.65625 0.105902778125 0.6552734375 0.08680555625 0.66015625 0.09201388906249999 0.6640625 0.109375 0.6708984375 0.121527778125 0.67578125 0.1197916671875 0.6640625 0.08854166718749999 0.6572265625 0.07638888906249999 0.6533203125 0.07986111093750001 0.6455078125 0.059027778125