0 1 0.74989860625 0.9990234359375 0.61929004375 0.7109374984375 0.45052616875 0.6845703125 0.5488494703125 1 0.74989860625
0 0 0.08951822968749999 0.10449218906249999 0.211321721875 0.2236328109375 0.264152153125 0.4287109375 0.39622822968750004 0.4599609375 0.3991632515625 0.4853515640625 0.35220286875 0.5126953125 0.3463328203125 0.53125 0.37128052500000003 0.5390625015625 0.4622662671875 0.583984375 0.48281143125000003 0.625 0.39476071562500004 0.6220703125 0.37274803749999996 0.09863281093750001 0.0821806671875 0.0537109375 0.0058700484375 0 0.0249477046875 0 0.08951822968749999
0 0.4082031234375 0.0014675140625 0.7216796875 0.1907765515625 0.7587890625 0.12914104843750002 0.7939453125 0.1320760765625 0.8125 0.165828853125 0.8134765640625 0.243606984375 1 0.3448653109375 0.9970703125 0.2201267921875 0.7099609375 0.0440253609375 0.5947265640625 0 0.4082031234375 0.0014675140625
0 0.5292968765625 0.7440285624999999 0.5429687484375 0.6501077984375 0.4775390625 0.595809853125 0.443359375 0.69119813125 0.5292968765625 0.7440285624999999
0 0 0.28909985312500003 0.0009765640625 0.3991632515625 0.2138671890625 0.5459144484375 0.2451171890625 0.5517844921874999 0.3212890625 0.5106941578125 0.333984375 0.54738195625 0.328125 0.597277365625 0.349609375 0.6119524859375 0.3945312515625 0.5327068421875001 0.3837890625 0.5165642078125 0.2431640625 0.41677339375000005 0 0.28909985312500003
0 0.2949218765625 0.902519853125 0.3076171890625 0.7190808578125 0.2539062515625 0.832079278125 0.2578125015625 0.8819746828125 0.2949218765625 0.902519853125
0 0.3945312515625 0.84088435 0.4150390625 0.994973103125 0.5546874984375 0.9964406171875 0.5625 0.9700253984374999 0.5458984359375 0.88050716875 0.400390625 0.7909889453125001 0.3945312515625 0.84088435
0 0 0.69119813125 0.130859375 0.785118896875 0.2011718765625 0.6383677 0.07910156406249999 0.5312393281250001 0.0009765640625 0.498954065625 0 0.69119813125
0 0.6650390625 0.8511569343750001 0.8701171890625 0.9920380812499999 1 0.9964406171875 0.9990234359375 0.942142671875 0.6425781234375 0.7058732515624999 0.634765625 0.8232742078124999 0.6650390625 0.8511569343750001
0 0.7646484359375 0.1320760765625 0.708984375 0.21278923437500002 0.6914062515625 0.28029478124999996 0.6054687484375 0.43878607656249996 0.552734375 0.629562628125 0.541015625 0.7528336343750001 0.556640625 0.785118896875 0.5664062515625 0.9847005187500001 0.6269531234375 0.9964406171875 0.640625 0.6178225296875001 0.8125 0.2303993765625 0.8085937484375 0.15702378125 0.7646484359375 0.1320760765625
0 0.5126953125 0.355137890625 0.4794921890625 0.3668779890625 0.4335937484375 0.4446561203125 0.4101562515625 0.5209667437500001 0.337890625 0.6501077984375 0.3105468765625 0.746963584375 0.3007812515625 0.9142599453125 0.3349609375 0.9861680328125001 0.3828125015625 0.993505590625 0.396484375 0.7675087546875 0.5351562515625 0.45639621874999997 0.53125 0.37715057343749997 0.5126953125 0.355137890625
0 0.3203125015625 0.6119524859375 0.318359375 0.5297718140625001 0.3076171890625 0.5194992296875001 0.2421874984375 0.5591220546875 0.11718749843750001 0.84088435 0.109375 0.9964406171875 0.203125 0.9964406171875 0.2148437484375 0.9758954484375 0.197265625 0.9318700921874999 0.1992187484375 0.8819746828125 0.3203125015625 0.6119524859375