0 0.5087890640625 0.8649553578125 0.4989247296875 0.908218125 0.5172043000000001 0.9447004578125 0.522580646875 0.9485407078125 0.531182796875 0.952380953125 0.8505859359375 0.634765625 0.86328125 0.5841936375000001 0.8544921859375 0.5789620531249999 0.5087890640625 0.8649553578125
0 0.5380859359375 0.0627790171875 0.5283203140625 0.0627790171875 0.5175781265625 0.0784737734375 0.515625 0.12381417187499999 0.5302734359375 0.1429966546875 0.5927734359375 0.156947546875 0.7470703140625 0.24065290468749997 0.76953125 0.2423967625 0.76953125 0.22844586875 0.7568359359375 0.21275111875000002 0.5576171859375 0.0837053578125 0.5380859359375 0.0627790171875
0 0.51171875 0.10637555937500001 0.4833984359375 0.0837053578125 0.4658203140625 0.0871930828125 0.45703125 0.1028878328125 0.4589843734375 0.1482282375 0.4658203140625 0.156947546875 0.4785156265625 0.155203684375 0.4990234359375 0.136021203125 0.5087890640625 0.1325334828125 0.51171875 0.12381417187499999 0.51171875 0.10637555937500001
0 0.4638671859375 0.7672991078125 0.4453125 0.789969309375 0.4521484359375 0.8510044640625001 0.4853515640625 0.8405412968749999 0.5097656265625 0.8597237734375 0.8574218734375 0.577218190625 0.8310546859375 0.5580357140625 0.7431640640625 0.5998883921875 0.4638671859375 0.7672991078125
0 0.3740234359375 0.11509486875 0.3623046859375 0.11509486875 0.3535156265625 0.1273018984375 0.3515625 0.1482282375 0.3603515640625 0.17438616093749998 0.3681640640625 0.17787388125 0.390625 0.1761300234375 0.4082031265625 0.16217913125 0.4082031265625 0.1447405125 0.4033203140625 0.1290457625 0.3740234359375 0.11509486875
0 0.7626953140625 0.439453125 0.7431640640625 0.439453125 0.5068359359375 0.47084263125000003 0.4863281265625 0.48653738750000003 0.4833984359375 0.5301339281249999 0.5234375 0.5353655125000001 0.7470703140625 0.481305803125 0.7666015640625 0.46735491093750003 0.7675781265625 0.448172434375 0.7626953140625 0.439453125
0 0.5380859359375 0.1953125 0.5185546859375 0.20228794687499999 0.5097656265625 0.22844586875 0.51171875 0.252859934375 0.5263671859375 0.268554690625 0.5556640640625 0.26506696406249997 0.7041015640625 0.3069196421875 0.7714843734375 0.315638953125 0.7734375 0.29820033281249997 0.7607421859375 0.2825055828125 0.6103515640625 0.2301897328125 0.5380859359375 0.1953125
0 0.7587890640625 0.3557477671875 0.5537109359375 0.331333703125 0.5341796859375 0.32087053593750003 0.5166015640625 0.3278459828125 0.5097656265625 0.3435407375 0.51171875 0.381905690625 0.5205078140625 0.3941127265625 0.5449218734375 0.3923688625 0.7626953140625 0.390625 0.7714843734375 0.381905690625 0.7734375 0.367954796875 0.7587890640625 0.3557477671875
0 0.5673828140625 0.1499720953125 0.5439453140625 0.146484375 0.5371093734375 0.155203684375 0.5449218734375 0.16217913125 0.5390625 0.169154578125 0.5390625 0.186593190625 0.5654296859375 0.2092633921875 0.7548828140625 0.2825055828125 0.7734375 0.2807617203125 0.77734375 0.252859934375 0.7724609359375 0.24762834531250003 0.7509765640625 0.244140625 0.5673828140625 0.1499720953125
0 0.5400390640625 0.27204241093750003 0.5332031265625 0.2912248875 0.5400390640625 0.32087053593750003 0.5615234359375 0.331333703125 0.7734375 0.3540039046875 0.77734375 0.34702845781249997 0.7744140640625 0.32087053593750003 0.5537109359375 0.268554690625 0.5400390640625 0.27204241093750003
0 0.7685546859375 0.3871372734375 0.7529296859375 0.3941127265625 0.5693359359375 0.390625 0.54296875 0.4028320296875 0.54296875 0.4272460953125 0.5517578140625 0.449916296875 0.59765625 0.448172434375 0.7666015640625 0.432477678125 0.7734375 0.4272460953125 0.7792968734375 0.4028320296875 0.7685546859375 0.3871372734375
0 0.7685546859375 0.46735491093750003 0.7548828140625 0.481305803125 0.5380859359375 0.537109375 0.5292968734375 0.5562918515625 0.52734375 0.5841936375000001 0.5341796859375 0.5929129468750001 0.5527343734375 0.5911690828125 0.7646484359375 0.512695309375 0.7792968734375 0.49351283281249997 0.7792968734375 0.4760742203125 0.7685546859375 0.46735491093750003
0 0.7529296859375 0.5161830359375 0.5634765640625 0.5929129468750001 0.4912109359375 0.6068638390625 0.484375 0.6225585953125 0.484375 0.65046038125 0.5029296859375 0.6731305828124999 0.5097656265625 0.6713867203125 0.7373046859375 0.561523440625 0.7626953140625 0.5440848218750001 0.7675781265625 0.52141461875 0.7529296859375 0.5161830359375
0 0.7763671859375 0.5405970953125 0.7666015640625 0.5405970953125 0.7275390640625 0.56849888125 0.5283203140625 0.66615513125 0.51953125 0.7027762265625 0.5283203140625 0.7149832625 0.546875 0.7132393984375 0.7646484359375 0.5859375 0.7783203140625 0.5719866078125 0.78125 0.5562918515625 0.7763671859375 0.5405970953125
0 0.45703125 0.12381417187499999 0.4521484359375 0.11509486875 0.4287109359375 0.1011439765625 0.4169921859375 0.104631696875 0.4082031265625 0.12381417187499999 0.4082031265625 0.1586914046875 0.4130859359375 0.16741071406250002 0.4296875 0.1656668515625 0.4404296859375 0.156947546875 0.4541015640625 0.153459821875 0.45703125 0.1482282375 0.45703125 0.12381417187499999