0 0.2509765625 0.875 0.3662109375 0.90625 0.3779296875 0.90625 0.380859375 0.9010416671874999 0.384765625 0.8420138890625 0.3779296875 0.8368055562500001 0.2705078125 0.8125 0.2490234375 0.8020833328125001 0.2255859375 0.7986111109375 0.2001953125 0.784722221875 0.1845703125 0.784722221875 0.0615234375 0.7361111109375 0.0126953125 0.7083333328125 0.0009765625 0.7083333328125 0 0.7552083328125 0.0048828125 0.7638888890625 0.0888671875 0.809027778125 0.2509765625 0.875
0 1 0.8072916671874999 0.9951171875 0.7986111109375 0.9111328125 0.815972221875 0.7607421875 0.8298611109375 0.6337890625 0.8298611109375 0.5068359375 0.815972221875 0.4765625 0.8177083328125001 0.474609375 0.8732638890625 0.4814453125 0.8819444437499999 0.5849609375 0.8923611109375 0.7373046875 0.8923611109375 0.8173828125 0.8854166671874999 0.8349609375 0.8819444437499999 0.8466796875 0.871527778125 0.8623046875 0.878472221875 0.9658203125 0.8576388890625 0.9951171875 0.847222221875 1 0.8350694437499999 1 0.8072916671874999
0 0.8583984375 0.8229166671874999 0.9697265625 0.8055555562500001 0.9951171875 0.7986111109375 0.998046875 0.793402778125 0.998046875 0.7725694437499999 0.9951171875 0.7673611109375 0.9423828125 0.777777778125 0.8212890625 0.7881944437499999 0.6337890625 0.7881944437499999 0.5087890625 0.7743055562500001 0.4931640625 0.7743055562500001 0.490234375 0.7795138890625 0.48828125 0.8072916671874999 0.4951171875 0.815972221875 0.6591796875 0.8298611109375 0.8583984375 0.8229166671874999
0 0.8681640625 0.784722221875 0.9794921875 0.7708333328125 1 0.762152778125 0.9970703125 0.746527778125 0.8583984375 0.7604166671875 0.6396484375 0.7604166671875 0.5205078125 0.75 0.4951171875 0.7430555562500001 0.4921875 0.7482638890625 0.4931640625 0.7743055562500001 0.6533203125 0.7881944437499999 0.8681640625 0.784722221875
0 1 0.703125 0.9970703125 0.6979166671875 0.8916015625 0.7048611109375 0.7216796875 0.7048611109375 0.6455078125 0.7013888890625 0.5361328125 0.6875 0.509765625 0.6892361109375 0.5078125 0.7413194437499999 0.5126953125 0.746527778125 0.5361328125 0.75 0.6982421875 0.7604166671875 0.7998046875 0.7604166671875 0.9462890625 0.75 0.9951171875 0.7430555562500001 1 0.734375 1 0.703125
0 0 0.699652778125 0.0048828125 0.7083333328125 0.1064453125 0.7569444437499999 0.2939453125 0.8194444437499999 0.3818359375 0.840277778125 0.3857421875 0.840277778125 0.388671875 0.831597221875 0.390625 0.8072916671874999 0.3798828125 0.7986111109375 0.2998046875 0.784722221875 0.2001953125 0.7569444437499999 0.0927734375 0.71875 0.0048828125 0.6805555562500001 0 0.6892361109375 0 0.699652778125
0 0 0.6510416671875 0.001953125 0.671875 0.0068359375 0.6805555562500001 0.0322265625 0.6875 0.0458984375 0.6979166671875 0.0634765625 0.7013888890625 0.1142578125 0.7256944437499999 0.2548828125 0.7708333328125 0.3544921875 0.7951388890625 0.3857421875 0.7986111109375 0.39453125 0.7760416671875 0.392578125 0.737847221875 0.3837890625 0.7326388890625 0.3447265625 0.7291666671875 0.2255859375 0.7013888890625 0.1005859375 0.6631944437499999 0.0048828125 0.625 0 0.6336805562500001 0 0.6510416671875
0 0 0.6163194437499999 0.0048828125 0.625 0.0302734375 0.6319444437499999 0.0380859375 0.6388888890625 0.1728515625 0.684027778125 0.3408203125 0.7256944437499999 0.3916015625 0.7326388890625 0.3984375 0.7170138890625 0.396484375 0.671875 0.3876953125 0.6631944437499999 0.3115234375 0.652777778125 0.2470703125 0.6354166671875 0.1806640625 0.625 0.1669921875 0.6180555562500001 0.1494140625 0.6180555562500001 0.0029296875 0.5729166671875 0 0.578125 0 0.6163194437499999
0 0.3544921875 0.597222221875 0.3720703125 0.6041666671875 0.3955078125 0.6041666671875 0.3984375 0.5989583328125 0.3984375 0.5538194437499999 0.3955078125 0.5451388890625 0.3896484375 0.5416666671875 0.2958984375 0.53125 0.0029296875 0.4791666671875 0.001953125 0.519097221875 0.0126953125 0.527777778125 0.2861328125 0.590277778125 0.3544921875 0.597222221875
0 0.9892578125 0.6979166671875 0.998046875 0.6927083328125 1 0.668402778125 0.9951171875 0.652777778125 0.7080078125 0.6458333328125 0.5576171875 0.6319444437499999 0.5380859375 0.625 0.5185546875 0.625 0.515625 0.6336805562500001 0.513671875 0.6788194437499999 0.5166015625 0.684027778125 0.6357421875 0.6979166671875 0.9892578125 0.6979166671875
0 0.8134765625 0.6493055562500001 0.9951171875 0.6493055562500001 0.998046875 0.644097221875 0.998046875 0.612847221875 0.9931640625 0.6041666671875 0.7216796875 0.5868055562500001 0.5517578125 0.565972221875 0.5380859375 0.565972221875 0.53515625 0.5711805562500001 0.533203125 0.6197916671875 0.5361328125 0.625 0.5517578125 0.628472221875 0.8134765625 0.6493055562500001
0 0.2607421875 0.6041666671875 0.2470703125 0.6076388890625 0.2197265625 0.6006944437499999 0.2099609375 0.59375 0.2001953125 0.5729166671875 0.1953125 0.581597221875 0.203125 0.5920138890625 0.1884765625 0.597222221875 0.1767578125 0.5868055562500001 0.1689453125 0.590277778125 0.1279296875 0.5763888890625 0.1083984375 0.5763888890625 0.0986328125 0.5694444437499999 0.0849609375 0.5694444437499999 0.0068359375 0.5451388890625 0.001953125 0.550347221875 0 0.5607638890625 0.0048828125 0.5729166671875 0.0947265625 0.6006944437499999 0.1123046875 0.597222221875 0.1298828125 0.6111111109375 0.3154296875 0.652777778125 0.3984375 0.6649305562500001 0.40234375 0.6475694437499999 0.3994140625 0.6354166671875 0.2998046875 0.6180555562500001 0.2607421875 0.6041666671875