0 0.58203125 0.27256944375000003 0.578125 0.25868055624999997 0.572265625 0.18576388906250002 0.556640625 0.074652778125 0.55078125 0.043402778125 0.5478515625 0.0416666671875 0.552734375 0.10243055625 0.568359375 0.21006944375 0.568359375 0.234375 0.576171875 0.2864583328125 0.587890625 0.4357638890625 0.591796875 0.453125 0.591796875 0.48090277812500004 0.599609375 0.550347221875 0.599609375 0.581597221875 0.611328125 0.7170138890625 0.611328125 0.7482638890625 0.6171875 0.7899305562500001 0.615234375 0.796875 0.625 0.9947916671874999 0.6279296875 1 0.638671875 0.9982638890625 0.626953125 0.762152778125 0.59765625 0.41840277812500004 0.591796875 0.38368055624999997 0.58203125 0.27256944375000003
0 0.8125 0.5052083328125 0.8017578125 0.4861111109375 0.80078125 0.5086805562500001 0.828125 0.5850694437499999 0.83984375 0.6336805562500001 0.84375 0.637152778125 0.845703125 0.612847221875 0.826171875 0.546875 0.814453125 0.519097221875 0.8125 0.5052083328125
0 0.76171875 0.49131944375 0.76171875 0.48090277812500004 0.75390625 0.44965277812500004 0.748046875 0.4392361109375 0.73828125 0.38715277812500004 0.724609375 0.3385416671875 0.7197265625 0.33680555624999997 0.71875 0.3454861109375 0.744140625 0.4392361109375 0.76171875 0.515625 0.76171875 0.5260416671875 0.767578125 0.546875 0.7724609375 0.5555555562500001 0.775390625 0.5538194437499999 0.77734375 0.543402778125 0.76953125 0.515625 0.76953125 0.5017361109375 0.76171875 0.49131944375
0 0.7119140625 0.25347222187499996 0.708984375 0.26215277812500004 0.751953125 0.3767361109375 0.78125 0.4704861109375 0.7880859375 0.4826388890625 0.79296875 0.48090277812500004 0.79296875 0.4704861109375 0.765625 0.390625 0.72265625 0.27256944375000003 0.7119140625 0.25347222187499996
0 0.8497488828125 0.6354166671875 0.8468191953125 0.6475694437499999 0.9073660703125 0.8697916671874999 0.9327566953125 0.984375 0.9395926328125 1 0.9503348203125 0.9982638890625 0.8995535703125 0.7899305562500001 0.8624441953125 0.6614583328125 0.8565848203125 0.644097221875 0.8497488828125 0.6354166671875
0 0.80078125 0.5850694437499999 0.79296875 0.5572916671875 0.7861328125 0.5486111109375 0.783203125 0.5538194437499999 0.78515625 0.574652778125 0.79296875 0.5954861109375 0.83203125 0.765625 0.869140625 0.953125 0.873046875 0.987847221875 0.8798828125 1 0.888671875 0.9982638890625 0.884765625 0.956597221875 0.876953125 0.9322916671874999 0.841796875 0.7552083328125 0.80078125 0.5850694437499999
0 0.65625 0.1927083328125 0.662109375 0.1927083328125 0.65234375 0.15798611093749998 0.6494140625 0.15625 0.6484375 0.16493055625 0.65625 0.1927083328125
0 0.671875 0.1822916671875 0.6953125 0.24826388906250002 0.7041015625 0.2673611109375 0.70703125 0.265625 0.69140625 0.21354166718749998 0.67578125 0.171875 0.6689453125 0.16319444375 0.671875 0.1822916671875
0 0.705078125 0.33159722187499996 0.712890625 0.33159722187499996 0.68359375 0.234375 0.6767578125 0.222222221875 0.67578125 0.230902778125 0.705078125 0.33159722187499996
0 0.66015625 0.15798611093749998 0.6640625 0.15798611093749998 0.66015625 0.140625 0.6416015625 0.10069444375 0.6484375 0.1302083328125 0.66015625 0.15798611093749998
0 0.62890625 0.109375 0.6201171875 0.08333333281250001 0.62109375 0.09895833281250001 0.6259765625 0.1111111109375 0.62890625 0.109375
0 0.625 0.08506944375 0.6328125 0.10243055625 0.6328125 0.1197916671875 0.638671875 0.14756944375 0.64453125 0.1510416671875 0.63671875 0.11631944375 0.63671875 0.09895833281250001 0.6259765625 0.07638888906249999 0.625 0.08506944375