0 0.021484375 0.9921623296875 0.12109374843750001 0.9973773765624999 0.1386718765625 0.8617862015625001 0.1357421890625 0.58147753125 0.115234375 0.608856515625 0.021484375 0.9921623296875
0 0.2695312515625 0.9973773765624999 0.197265625 0.6557919234375 0.1552734359375 0.5241120312499999 0.1445312515625 0.9947698562499999 0.2695312515625 0.9973773765624999
0 0.2070312515625 0.598426428125 0.2167968765625 0.6844746703125 0.3427734359375 0.9960736140625001 0.6289062515625 0.9973773765624999 0.2666015640625 0.607552753125 0.2236328109375 0.6101602781250001 0.2197265640625 0.5840850515625 0.2070312515625 0.598426428125
0 0.453125 0.3063839015625 0.4101562515625 0.30116885625 0.3515625015625 0.5384534078125001 0.3457031234375 0.6192866078125 0.3662109375 0.6623107265625 0.7451171890625 0.9882510468750001 1 0.9947698562499999 0.9931640625 0.9022028046875 0.3974609375 0.607552753125 0.390625 0.5410609281250001 0.453125 0.3063839015625
0 1 0.9008990406249999 0.9951171890625 0.8135470359375001 0.3945312515625 0.59060385625 0.5595703125 0.690993475 1 0.9008990406249999
0 1 0.80702823125 0.9990234359375 0.7066386140625001 0.5263671890625 0.5840850515625 0.3945312515625 0.569743675 1 0.80702823125
0 0.556640625 0.397647190625 0.5917968765625 0.3194215109375 0.5615234359375 0.318117753125 0.541015625 0.3454967375 0.5136718765625 0.51498570625 0.5478515640625 0.5840850515625 1 0.7001198046875 0.9990234359375 0.576262484375 0.5634765640625 0.5293270765625 0.5507812515625 0.48369543281249994 0.556640625 0.397647190625
0 0.7617187484375 0.3376741703125 0.7675781234375 0.2724861078125 0.7880859375 0.24249959843750002 0.9990234359375 0.2868274796875 1 0.23858831406249997 0.7841796875 0.161666396875 0.7333984359375 0.1825265765625 0.6992187484375 0.24901840156250002 0.6894531234375 0.329851603125 0.6953125015625 0.45762020625 0.7226562515625 0.5358458859375 1 0.5749587218750001 0.9990234359375 0.5162894640625 0.7998046875 0.49282176250000004 0.765625 0.4263299375 0.7617187484375 0.3376741703125
0 0.4335937484375 0.2542334484375 0.6894531234375 0.27770115 0.6923828109375 0.24249959843750002 0.5400390625 0.216424371875 0.4755859375 0.21903189687500002 0.4335937484375 0.2542334484375
0 0.2314453125 0.2555372109375 0.212890625 0.3194215109375 0.2304687484375 0.6010339484375 0.25 0.60364146875 0.2382812515625 0.3168139890625 0.2490234359375 0.2894350046875 0.6484374984375 0.2881312421875 0.2314453125 0.2555372109375
0 0.4013671890625 0.294650046875 0.3271484359375 0.292042525 0.2734374984375 0.34810426250000004 0.2480468765625 0.4237224125 0.2578125015625 0.5827812890625 0.3105468765625 0.3767870109375 0.3544921890625 0.32854784062500003 0.3955078109375 0.32333279375 0.4013671890625 0.294650046875
0 0.2060546875 0.34419297968749996 0.2041015640625 0.3102951859375 0.12402343593750001 0.3155102265625 0.09765625156249999 0.34810426250000004 0.119140625 0.60364146875 0.1386718765625 0.5593135874999999 0.125 0.36896444375000004 0.1455078109375 0.34419297968749996 0.2060546875 0.34419297968749996
0 0.5449218765625 0.3272440828125 0.5576171890625 0.2998650921875 0.4697265640625 0.297257571875 0.453125 0.3220290359375 0.5449218765625 0.3272440828125