0 0.10546875 0.81328125 0.20859375 0.3734375
0 0.23515625 0.596875 0.15 0.23359375
0 0.2640625 0.3234375 0.0890625 0.39296875
0 0.353125 0.39921875 0.0734375 0.184375
0 0.41640625 0.19296875 0.1578125 0.03984375
0 0.403125 0.3078125 0.04609375 0.08203125
0 0.3671875 0.790625 0.2 0.41875
0 0.4109375 0.49921875 0.11640625 0.1890625
0 0.4421875 0.35078125 0.05234375 0.10234375
0 0.6671875 0.84296875 0.26875 0.30859375
0 0.6015625 0.58125 0.16640625 0.215625
0 0.540625 0.421875 0.0859375 0.12890625
0 0.5046875 0.3234375 0.04609375 0.09140625
0 0.974206503125 0.5288888890625 0.49766032656250003 0.23407407343750003 0.49531944218749996 0.25481481562499997 0.9550446828125001 0.9792592593749999 0.974206503125 0.5288888890625
0 0.9808714843749999 0.2681481484375 0.5118234109375 0.2133333328125 0.507657796875 0.2370370375 0.9483796999999999 0.48740740625 0.9808714843749999 0.2681481484375
0 0.1619118828125 0.5481481484375 0.13775132343750002 0.20888888906249997 0.09442894375000001 0.2162962953125 0.116090134375 0.55259259375 0.1619118828125 0.5481481484375
0 0.20273489374999998 0.539259259375 0.17107623125 0.2 0.13941756875 0.21777777812500002 0.1685768640625 0.55259259375 0.20273489374999998 0.539259259375