0 1 0.48708751250000004 0.0193086796875 0.55654761875 0.0003402625 0.5535714296875 0.0014560515625 0.6607142859375 0.9967401203125 0.5788690484375 1 0.54891888125 1 0.48708751250000004
0 1 0.2649605234375 0.00480341875 0.29910714375 0 0.39306441406250003 0 0.4297232046875 0.014845523437499999 0.4270833328125 1 0.37221511406249996 1 0.2649605234375
0 0.32726653125 0.3050595234375 0.1018770890625 0.9136904765624999 0.10634024687500002 0.9985119046875001 0.1665928703125 0.9836309515625 0.178866553125 0.8720238109375 0.344003371875 0.3020833328125 0.32726653125 0.3050595234375
0 0.4050928359375 1 0.42434020156249996 0.9910714296875 0.394213890625 0.5357142859375 0.3607402109375 0.1086309515625 0.3629717890625 0.0848214296875 0.38305599687499997 0.0848214296875 0.38082441875 0.1636904765625 0.3997928375 0.16220238125 0.39644546875 0.0625 0.378592840625 0.05208333281250001 0.32726653125 0.0639880953125 0.375245471875 0.8139880953124999 0.398308046875 1 0.4050928359375 1
0 1 0.9169595749999999 0.5348033437499999 0.25595238125 0.5269928187499999 0.2738095234375 0.9766559140625001 0.9925595234375001 1 0.95461579375 1 0.9169595749999999
0 1 0.72968421875 0.5615822875 0.2648809515625 0.556231396875 0.2723214296875 0.993392753125 0.8050595234375001 1 0.75108669375 1 0.72968421875
0 0 0.6190652875 0.005919209375 0.6532738109375 0.229077071875 0.31845238125 0.21234023125 0.30654761875 0 0.61346239375 0 0.6190652875
0 0.24023496562500002 0.4583333328125 0.0092665765625 0.48065476250000005 0.0070349984374999995 0.4970238109375 0.2536244359375 0.4702380953125 0.23242443906250002 0.3229166671875 0.22015075781250001 0.3229166671875 0.24023496562500002 0.4583333328125
0 1 0.4586122625 0.7534980499999999 0.46875 0.0071242531250000005 0.5267857140625 0 0.5509418578124999 0 0.5535126874999999 1 0.4777697109375 1 0.4586122625
0 0.7044033203125 0.66220238125 0.40871915156250005 0.6711309515625 0.417645465625 0.6889880953125 0.7144454234375 0.6800595234375 0.7044033203125 0.66220238125
0 0.5362678171875 1 0.5414980796875 0.9925595234375001 0.5348033437499999 0.6175595234375 0.5138206828125 0.61904761875 0.52431050625 1 0.5362678171875 1
0 0.670929640625 0.9925595234375001 0.5928243890625 0.69345238125 0.582782284375 0.7023809515625 0.6530770125 0.99404761875 0.670929640625 0.9925595234375001